//contador fases e pontuação
f <- 1
p <- 100
//levels
escreval ("01010101010101010101001010101010101010101010010101011")
escreval ("10101010101010101001010101010101010101001010101010100")
escreval ("=====================================================")
escreval ("lvl:",f,"   pontos:",p,"  player:",n)
escreval ("=====================================================")
leia (i)
     se (i = "dica 2") entao
     p <- p-5
     fimse
     f <-f+1